[?25l[0m [38;2;0;0;0m                                       [0m
 [38;2;0;0;0m                                       [0m
 [38;2;0;0;0m        [0m [38;2;124;129;114m▗[38;2;17;33;36;48;2;179;179;157m▀[0m[38;2;177;178;155m▖[38;2;16;33;36m▖    [0m [7m[38;2;15;33;35m▀[0m [38;2;8;17;17m   [0m [38;2;121;126;114m▗[38;2;17;33;37;48;2;181;181;158m▀[0m[38;2;180;180;157m▖[38;2;17;33;36m▖           [0m
 [38;2;0;0;0m       [0m [38;2;78;87;80m▗[38;2;31;58;64;48;2;182;181;158m▘[38;2;237;227;194;48;2;238;227;194m▀[38;2;112;126;116m▐[0m[38;2;131;141;129m▖[0m [38;2;11;23;25m  [38;2;26;58;62m▗[38;2;38;70;70;48;2;61;107;105m▘[38;2;57;101;100;48;2;73;125;122m▀[38;2;21;45;48;48;2;43;79;79m▐[0m [38;2;0;0;0m [0m [38;2;68;80;74m▗[38;2;32;60;66;48;2;169;170;150m▘[38;2;238;227;195;48;2;238;227;194m▗[38;2;175;175;153;48;2;237;227;194m▝[0m[7m[38;2;161;159;139m▐[0m [38;2;12;24;26m          [0m
 [38;2;0;0;0m       [0m [38;2;149;154;137;48;2;32;59;64m▐[38;2;237;227;193;48;2;237;227;194m▘[38;2;190;187;163;48;2;238;227;194m▗[38;2;237;227;194;48;2;126;135;122m▀[38;2;238;228;195;48;2;63;85;83m▘[0m[7m[38;2;30;58;59m▝[38;2;48;86;86m▀[0m[38;2;13;31;33;48;2;54;98;97m▀[38;2;31;59;60;48;2;51;92;92m▘[38;2;45;78;79;48;2;53;93;92m▝[48;2;55;96;95m▀[38;2;48;87;87;48;2;53;93;93m▗[38;2;21;43;44;48;2;53;96;95m▀[0m[7m[38;2;53;96;95m▀[38;2;35;61;61m▀[0m[38;2;126;138;125;48;2;45;71;73m▝[38;2;238;227;193;48;2;126;135;121m▀[38;2;125;134;122;48;2;236;226;193m▖[38;2;237;228;195;48;2;238;227;194m▝[38;2;30;59;64;48;2;218;209;181m▐[0m[7m[38;2;22;45;48m▐[0m[38;2;0;0;0m          [0m
 [38;2;0;0;0m       [0m [38;2;144;150;133;48;2;46;70;71m▝[38;2;205;200;173;48;2;100;121;112m▀[38;2;110;127;117;48;2;64;111;109m▀[38;2;58;101;100;48;2;72;125;121m▀[38;2;56;99;98;48;2;73;125;122m▀[38;2;59;104;102;48;2;72;125;121m▘[38;2;72;124;121;48;2;73;125;122m▀[38;2;73;125;121;48;2;72;125;122m▘[38;2;26;59;63;48;2;58;104;103m▝[38;2;72;124;121;48;2;48;86;86m▝[38;2;73;125;122;48;2;40;71;72m▀[38;2;27;59;62;48;2;53;96;95m▝[38;2;56;100;99;48;2;70;122;119m▘[38;2;72;124;121;48;2;73;125;122m▀[38;2;67;116;114;48;2;72;125;122m▝[38;2;56;99;98;48;2;72;125;121m▀[38;2;56;100;100;48;2;72;124;121m▀[38;2;113;127;116;48;2;64;111;110m▝[38;2;237;226;193;48;2;100;122;114m▝[38;2;216;207;178;48;2;54;78;78m▘[0m[7m[38;2;22;45;48m▐[0m[38;2;0;0;0m          [0m
 [38;2;0;0;0m     [0m [38;2;55;77;74m▗[38;2;19;42;44;48;2;96;126;116m▀[38;2;48;88;88;48;2;27;57;60m▐[38;2;59;104;103;48;2;71;123;120m▘[38;2;73;126;123;48;2;72;125;122m▖[38;2;74;126;123;48;2;73;126;122m▝[38;2;73;126;122;48;2;74;126;123m▝[48;2;73;125;122m▞▘ [38;2;28;64;67;48;2;50;94;94m▗[38;2;73;126;122;48;2;59;104;102m▗[38;2;58;101;100;48;2;73;125;122m▀[38;2;28;63;66;48;2;49;92;92m▗[38;2;73;125;122;48;2;61;108;106m▐[48;2;73;125;122m [38;2;73;126;123m▀[48;2;73;126;123m [38;2;73;125;122;48;2;73;126;122m▀[48;2;73;125;122m [38;2;61;108;106;48;2;72;124;121m▝[38;2;27;60;62;48;2;65;113;111m▐[38;2;21;46;48;48;2;74;109;103m▀[0m[38;2;64;96;92m▖[0m [38;2;9;21;22m        [0m
 [38;2;0;0;0m     [0m [38;2;36;61;65m▀[38;2;26;59;62;48;2;56;91;90m▖[38;2;61;109;108;48;2;71;123;120m▘[38;2;55;92;90;48;2;73;125;122m▗[38;2;163;169;168;48;2;53;87;85m▗[38;2;37;57;56;48;2;232;232;232m▀[38;2;234;234;234;48;2;46;58;57m▖[38;2;72;124;121;48;2;29;38;37m▝[38;2;39;59;58;48;2;72;124;121m▖[38;2;73;126;122;48;2;73;125;122m▗[38;2;62;110;108;48;2;73;126;123m▀[38;2;48;91;91;48;2;65;114;112m▀[38;2;44;85;86;48;2;63;111;109m▀[38;2;58;104;103;48;2;72;124;120m▀[38;2;69;120;117;48;2;73;125;122m▘[38;2;58;99;97;48;2;72;124;121m▗[38;2;40;63;61;48;2;111;139;137m▞[38;2;36;54;53;48;2;233;233;233m▀[38;2;33;46;45;48;2;232;232;232m▀[38;2;205;209;209;48;2;49;79;77m▖[38;2;34;49;48;48;2;72;124;121m▖[38;2;63;112;111m▝[38;2;38;69;70;48;2;63;109;107m▐[0m[7m[38;2;29;59;62m▗[0m [38;2;13;30;32m        [0m
 [38;2;0;0;0m     [7m[38;2;38;60;61m▀[0m[38;2;23;51;54;48;2;119;146;132m▀[38;2;48;89;89;48;2;26;58;61m▐[48;2;73;125;122m [38;2;173;193;192m▐[38;2;96;96;96;48;2;245;244;245m▗[38;2;250;249;250;48;2;42;42;42m▘[38;2;230;229;230;48;2;33;33;33m▐[38;2;19;18;18;48;2;246;246;246m▐[38;2;24;31;30;48;2;19;19;19m▝[38;2;74;126;122;48;2;43;68;66m▐[48;2;74;126;123m [38;2;74;127;124m▝▀[38;2;73;126;123;48;2;74;127;123m▝[38;2;59;98;96;48;2;73;126;123m▐[38;2;26;32;31;48;2;18;18;18m▀[38;2;169;169;169;48;2;32;32;31m▗[38;2;249;249;249;48;2;57;57;56m▖[38;2;233;232;233;48;2;28;28;28m▝[38;2;37;37;37;48;2;243;243;243m▖[38;2;73;125;122;48;2;229;231;231m▐[38;2;72;124;121;48;2;72;125;121m▀[38;2;26;57;60;48;2;61;108;107m▐[38;2;136;163;146;48;2;41;69;69m▗[0m[38;2;102;127;117m▖[38;2;14;29;32m▖       [0m
 [38;2;0;0;0m     [38;2;31;56;60m▀[38;2;43;79;79m▀[38;2;37;74;75;48;2;71;121;118m▀[38;2;72;125;121;48;2;72;124;121m▀[38;2;159;185;184m▐[38;2;116;117;117;48;2;241;243;243m▐[38;2;65;65;65;48;2;24;24;23m▖[38;2;27;27;27;48;2;19;19;19m▝[38;2;28;27;27m▘[38;2;30;42;41;48;2;20;21;20m▗[38;2;73;124;121;48;2;45;71;69m▐[48;2;73;125;122m [38;2;74;126;123m▐[38;2;74;127;123;48;2;74;126;123m▗[38;2;73;126;122m▗[38;2;60;99;97;48;2;73;125;122m▐[38;2;18;18;18;48;2;29;38;38m▀[38;2;23;23;23;48;2;19;19;19m▝[38;2;27;27;27;48;2;20;19;19m▘[38;2;60;59;59;48;2;19;19;18m▗[38;2;242;244;244;48;2;52;52;52m▐[38;2;74;126;122;48;2;221;228;227m▐[38;2;73;125;122;48;2;73;126;122m▝[38;2;28;63;66;48;2;68;118;116m▝[38;2;53;89;88;48;2;37;65;66m▞[0m[7m[38;2;32;55;57m▗[0m[38;2;17;32;35m▘       [0m
 [38;2;0;0;0m     [0m [38;2;95;133;121;48;2;23;54;56m▀[38;2;46;86;86;48;2;26;56;59m▐[38;2;72;124;120;48;2;67;115;112m▀[48;2;72;124;121m [38;2;169;191;190;48;2;70;122;119m▝[38;2;236;238;238;48;2;74;108;107m▘[38;2;31;42;41;48;2;68;118;115m▀[38;2;32;44;43;48;2;72;125;121m▀[38;2;44;70;68;48;2;72;124;121m▘[38;2;72;125;121m▖[38;2;31;43;41;48;2;59;97;95m▗[38;2;62;104;102;48;2;72;123;120m▖[48;2;73;125;122m [38;2;61;102;99;48;2;36;52;51m▀[38;2;73;125;122;48;2;72;124;121m▗[38;2;58;98;95;48;2;73;125;122m▝[38;2;31;44;43;48;2;72;125;122m▀[38;2;31;43;42;48;2;70;121;117m▀[38;2;218;222;222;48;2;54;89;87m▝[38;2;218;225;225;48;2;71;122;119m▘[48;2;74;126;123m [38;2;65;112;111;48;2;72;125;122m▗[38;2;26;56;60;48;2;57;103;102m▐[38;2;131;160;143;48;2;39;68;68m▝[38;2;98;125;115;48;2;25;48;52m▘[0m[7m[38;2;16;29;32m▐[0m[38;2;0;0;0m       [0m
 [38;2;0;0;0m      [0m [38;2;24;43;46m▀[38;2;96;119;113;48;2;25;47;50m▐[38;2;129;164;153;48;2;157;172;159m▀[38;2;119;150;141;48;2;177;191;174m▀[38;2;92;112;106;48;2;211;223;202m▀[38;2;210;223;201;48;2;81;110;105m▖[38;2;61;107;105;48;2;97;118;110m▀▀[38;2;61;106;104;48;2;98;118;111m▀[38;2;62;107;106;48;2;97;118;111m▀[38;2;62;107;105;48;2;97;117;109m▀[38;2;61;108;106m▀[38;2;62;108;106m▀▀[38;2;62;108;107;48;2;98;118;111m▀[38;2;62;108;106m▀[38;2;177;192;174;48;2;79;111;106m▗[38;2;85;106;100;48;2;210;223;201m▀[38;2;104;136;128;48;2;188;201;184m▀[38;2;114;154;145;48;2;155;171;157m▀[38;2;23;44;47;48;2;128;154;144m▐[0m[38;2;24;45;48m▀[0m [38;2;13;24;26m         [0m
 [38;2;0;0;0m        [0m [7m[38;2;23;40;41m▖[0m[38;2;105;120;112;48;2;34;57;56m▝[38;2;150;171;157;48;2;51;91;91m▀[38;2;188;208;188;48;2;118;158;148m▀[38;2;208;222;200;48;2;149;178;164m▀[48;2;176;196;177m▀[38;2;200;215;193;48;2;208;221;199m▖[38;2;208;221;199;48;2;207;221;199m▀[48;2;208;221;199m [38;2;208;222;200m▝[38;2;208;221;199;48;2;208;222;200m▗[38;2;208;222;200;48;2;207;220;199m▀[38;2;209;222;200;48;2;180;199;179m▀[48;2;143;175;162m▀[38;2;197;214;194;48;2;127;164;153m▀[38;2;155;179;165;48;2;63;107;105m▀[38;2;141;157;145;48;2;40;62;61m▘[38;2;56;76;69;48;2;16;30;32m▖[0m [38;2;0;0;0m     [38;2;15;35;38;48;2;26;57;60m▀[38;2;13;32;35;48;2;55;100;99m▀[0m[7m[38;2;14;33;36m▀[0m[38;2;0;0;0m   [0m
 [38;2;0;0;0m        [0m [38;2;39;69;71m▀[38;2;26;56;58;48;2;58;99;97m▖[38;2;55;100;99;48;2;72;124;121m▘[38;2;72;124;121;48;2;72;125;122m▀[48;2;72;124;121m [38;2;199;214;191;48;2;141;172;159m▐[38;2;185;202;180;48;2;196;211;190m▀[38;2;182;199;178;48;2;193;209;187m▀[38;2;182;200;178m▀[48;2;193;209;188m▀[38;2;183;200;178;48;2;193;209;187m▀[38;2;185;202;180;48;2;193;209;188m▀[38;2;207;220;198;48;2;171;193;175m▖[38;2;74;126;122;48;2;73;125;122m▝[48;2;74;126;123m [38;2;60;106;104;48;2;73;126;122m▝[38;2;34;69;72;48;2;64;107;104m▗[38;2;65;99;94;48;2;27;57;60m▘[38;2;114;143;129;48;2;28;53;54m▗[38;2;108;135;124;48;2;20;44;47m▖[0m[7m[38;2;18;39;41m▀[0m [38;2;9;19;20m [38;2;17;40;42;48;2;88;121;111m▀[38;2;26;55;57;48;2;29;57;59m▀[38;2;63;111;109;48;2;73;124;121m▐[38;2;16;37;40;48;2;27;61;65m▐[0m[38;2;16;37;40m   [0m
 [38;2;0;0;0m      [0m [7m[38;2;33;66;68m▀[0m[38;2;29;56;57;48;2;68;118;116m▀[38;2;71;123;120;48;2;48;87;86m▖[38;2;60;105;104;48;2;27;57;59m▐[38;2;72;124;121;48;2;73;125;122m▘ [48;2;72;125;122m▐[38;2;207;221;199;48;2;105;149;140m▝[38;2;176;199;182;48;2;207;221;199m▖[38;2;208;221;199m▗▖   [38;2;188;207;188;48;2;99;147;139m▀[38;2;73;125;121;48;2;72;123;120m▐[38;2;73;125;122;48;2;74;126;123m▖[38;2;74;126;123;48;2;73;126;122m▀[38;2;31;67;70m▐[38;2;68;117;114;48;2;36;74;77m▐[38;2;54;81;78;48;2;67;115;112m▝[38;2;26;58;60;48;2;55;90;89m▐[38;2;108;137;124;48;2;46;75;74m▝[38;2;78;102;94;48;2;29;53;55m▘[38;2;92;123;111;48;2;46;73;71m▝[38;2;53;82;79;48;2;64;110;108m▀[38;2;66;113;110;48;2;72;124;121m▀[38;2;63;111;109;48;2;72;124;120m▐[38;2;16;38;41;48;2;27;62;66m▐[0m[38;2;16;38;41m   [0m
 [38;2;0;0;0m      [0m [38;2;50;94;94;48;2;27;63;67m▐[38;2;71;124;121;48;2;71;123;120m▗[38;2;48;88;88;48;2;71;124;121m▐[38;2;61;108;106;48;2;27;58;61m▐[48;2;72;125;121m [48;2;73;125;122m [38;2;72;124;121;48;2;73;125;121m▐[38;2;32;69;72;48;2;56;101;100m▐[38;2;207;221;199;48;2;158;178;163m▐[48;2;207;221;199m [38;2;206;220;199m▗[38;2;206;220;198;48;2;207;220;199m▖[48;2;207;221;199m▗[38;2;204;218;197m▗[38;2;26;62;66;48;2;41;83;84m▖[38;2;73;125;121;48;2;72;124;121m▗[48;2;73;125;122m [38;2;73;126;122m▀[38;2;27;62;66;48;2;72;124;121m▐[38;2;73;126;122;48;2;38;76;79m▐[38;2;72;125;121;48;2;72;125;122m▀[38;2;27;61;64;48;2;65;113;111m▐[38;2;70;121;118;48;2;45;85;85m▐[38;2;70;120;117;48;2;74;126;123m▀[38;2;70;122;118m▀[38;2;73;126;123;48;2;73;125;122m▖[38;2;72;124;121m▗[38;2;68;117;115;48;2;30;58;60m▀[0m[38;2;21;49;52m▀   [0m
 [38;2;0;0;0m     [0m [7m[38;2;33;64;66m▀[0m[38;2;41;80;82;48;2;71;122;119m▀[38;2;72;124;121;48;2;68;118;115m▀[38;2;51;93;93;48;2;70;122;119m▝[38;2;62;109;107;48;2;40;77;78m▞[38;2;34;68;70;48;2;70;121;118m▖[48;2;73;125;122m  [38;2;33;69;71;48;2;66;116;114m▝[38;2;132;156;139;48;2;37;73;74m▀[38;2;170;186;168;48;2;201;215;193m▖[38;2;207;220;198;48;2;199;214;192m▀▀[38;2;206;220;198;48;2;198;213;192m▀[38;2;148;169;150;48;2;36;64;65m▀[38;2;39;77;78;48;2;70;122;119m▀[38;2;72;125;121;48;2;72;124;121m▗[48;2;73;125;122m [38;2;40;78;79;48;2;71;123;120m▗[38;2;36;73;75;48;2;67;117;114m▞[38;2;41;80;81;48;2;71;122;119m▘[38;2;67;117;115;48;2;72;124;121m▗[38;2;32;67;69;48;2;68;118;116m▝[38;2;27;61;64;48;2;59;105;103m▗[38;2;44;84;85;48;2;71;122;119m▖[38;2;73;125;122;48;2;67;115;113m▀[38;2;71;122;119;48;2;28;57;59m▀[0m[38;2;28;61;64m▀[0m [38;2;1;2;2m    [0m
 [38;2;0;0;0m     [0m [38;2;31;61;63;48;2;17;35;36m▀[38;2;56;101;100;48;2;17;35;37m▀[38;2;34;69;71;48;2;17;36;37m▀[38;2;52;95;94;48;2;19;40;41m▀[38;2;52;92;91;48;2;26;56;58m▐[38;2;32;63;64;48;2;63;110;108m▗[38;2;26;55;57;48;2;63;111;108m▖[38;2;27;55;57;48;2;60;105;104m▗[38;2;40;74;75;48;2;65;112;110m▖[38;2;26;55;58;48;2;43;79;79m▐[38;2;120;142;127;48;2;18;37;38m▀[38;2;129;151;135;48;2;17;35;36m▀▀[38;2;126;149;134;48;2;17;36;37m▀[38;2;25;53;55;48;2;32;61;62m▖[38;2;69;120;117;48;2;51;92;92m▀[38;2;63;111;109;48;2;34;66;67m▀[38;2;36;69;70;48;2;64;111;109m▗[38;2;26;54;56;48;2;62;108;106m▖[38;2;26;56;58;48;2;61;107;105m▐[38;2;62;108;106;48;2;26;52;53m▝[38;2;56;99;98;48;2;20;43;44m▘[38;2;49;89;89;48;2;17;36;37m▀[38;2;50;90;90;48;2;20;43;45m▘[0m[38;2;21;45;47m▀[38;2;19;39;41m▀[0m [38;2;4;9;10m      [0m
 [38;2;0;0;0m         [0m [38;2;14;29;31m▀[38;2;14;30;32m▀[38;2;15;31;32m▀[38;2;15;31;33m▀[38;2;15;31;32m▀[38;2;15;30;31m▀[0m [38;2;2;6;6m   [38;2;14;30;31m▀[38;2;15;31;32m▀▀▀▀▀[0m [38;2;12;24;25m            [0m
 [38;2;0;0;0m                                       [0m
[?25h