[?25l[0m [38;2;0;0;0m                   [0m
 [38;2;0;0;0m   [0m [38;2;73;78;71;48;2;195;191;166m▀[0m[38;2;181;180;157m▖[0m [38;2;14;33;35m▗[7m[38;2;62;107;105m▀[0m[38;2;32;62;64m▖[0m [38;2;139;146;131m▗[38;2;85;90;81;48;2;231;221;190m▀[0m[38;2;86;89;79m▖     [0m
 [38;2;0;0;0m   [38;2;82;98;94m▐[38;2;232;222;190;48;2;121;141;129m▀[38;2;182;181;158;48;2;79;116;111m▘[38;2;26;48;49;48;2;71;122;119m▀[38;2;73;125;122;48;2;43;80;80m▖[38;2;52;89;89;48;2;56;98;96m▀[38;2;67;117;114;48;2;46;83;83m▗[38;2;26;49;49;48;2;72;124;121m▀[38;2;182;181;157;48;2;65;104;102m▝[38;2;223;215;185;48;2;107;134;124m▀[0m[7m[38;2;110;124;114m▐[0m[38;2;11;22;24m     [0m
 [38;2;0;0;0m  [38;2;22;37;38m▐[38;2;69;120;118;48;2;51;82;80m▗[38;2;86;114;112;48;2;70;121;118m▗[38;2;137;147;147;48;2;82;120;118m▖[38;2;40;62;60;48;2;70;120;117m▖[38;2;44;86;87;48;2;71;123;120m▝[38;2;66;114;111;48;2;57;102;101m▀[38;2;44;86;87;48;2;69;118;116m▘[38;2;78;104;103;48;2;72;123;120m▗[38;2;73;125;122;48;2;136;146;145m▀[38;2;63;108;105;48;2;78;121;118m▗[38;2;70;122;119;48;2;50;86;85m▖[0m[7m[38;2;25;45;46m▐[0m[38;2;3;7;8m    [0m
 [38;2;0;0;0m  [38;2;73;100;94;48;2;24;40;40m▝[38;2;72;125;121;48;2;46;85;86m▐[38;2;198;198;198;48;2;120;157;155m▐[38;2;116;116;116;48;2;32;31;31m▀[38;2;133;132;132;48;2;22;25;24m▘[38;2;73;125;122;48;2;59;98;96m▐[48;2;74;126;123m [38;2;68;116;114;48;2;73;126;123m▐[38;2;75;74;74;48;2;23;27;26m▝[38;2;98;98;98;48;2;28;28;28m▀[38;2;194;194;194;48;2;151;170;169m▘[38;2;52;95;94;48;2;72;125;121m▐[38;2;31;48;48;48;2;57;86;84m▐[0m [38;2;0;0;0m   [0m
 [38;2;0;0;0m  [38;2;60;94;89m▝[7m[38;2;57;92;91m▖[0m[38;2;84;132;129;48;2;152;174;160m▀[38;2;51;85;83;48;2;130;152;144m▝[38;2;54;89;87;48;2;77;115;111m▘[38;2;55;91;89;48;2;79;119;114m▝[38;2;72;123;120;48;2;81;115;110m▀[38;2;52;87;85;48;2;78;118;113m▘[38;2;54;89;87;48;2;79;118;113m▝[38;2;53;86;84;48;2;120;143;135m▘[38;2;91;137;134;48;2;148;171;158m▀[38;2;15;28;30;48;2;65;102;100m▗[0m[38;2;54;80;78m▀[0m [38;2;8;14;16m   [0m
 [38;2;0;0;0m   [0m [38;2;54;83;81;48;2;24;43;44m▐[38;2;155;183;168;48;2;81;125;120m▝[38;2;72;124;121;48;2;181;201;182m▖[38;2;207;220;198;48;2;189;205;183m▀[38;2;208;221;199;48;2;188;204;183m▀[48;2;189;205;184m▀[38;2;73;125;122;48;2;185;204;185m▗[38;2;163;190;174;48;2;85;131;125m▘[38;2;31;55;55;48;2;63;93;90m▐[0m[7m[38;2;49;73;71m▀[0m [38;2;56;83;78m▗[38;2;68;119;116;48;2;28;57;58m▗[0m[38;2;21;49;52m▖ [0m
 [38;2;0;0;0m  [0m [38;2;18;37;38;48;2;53;96;96m▘[38;2;45;84;84;48;2;57;101;100m▐[38;2;72;125;121;48;2;73;125;122m▖[38;2;132;167;155;48;2;63;111;110m▝[38;2;190;205;184;48;2;205;219;197m▖[38;2;207;220;199;48;2;207;221;199m▗[38;2;207;220;198m▗[38;2;148;179;165;48;2;61;109;107m▘[38;2;73;125;122;48;2;73;126;122m▖[38;2;56;102;101;48;2;52;96;96m▗[38;2;45;82;82;48;2;70;117;114m▐[38;2;45;68;67;48;2;66;107;104m▝[38;2;62;94;90;48;2;72;124;121m▀[38;2;50;88;88;48;2;70;121;117m▗[0m[7m[38;2;16;38;41m▐[0m[38;2;0;0;0m [0m
 [38;2;0;0;0m  [38;2;22;44;45m▐[38;2;63;111;109;48;2;32;61;62m▀[38;2;58;104;103;48;2;38;72;72m▀[38;2;73;125;122;48;2;58;102;100m▝[38;2;72;125;121;48;2;57;101;99m▘[38;2;196;210;189;48;2;65;92;87m▝[38;2;203;217;195;48;2;78;97;89m▀[38;2;202;217;195;48;2;67;91;86m▘[38;2;72;124;121;48;2;55;99;98m▝[38;2;68;119;116;48;2;56;99;98m▀[38;2;58;104;102;48;2;40;74;75m▀[38;2;65;114;112;48;2;32;61;61m▀[38;2;58;103;102;48;2;21;42;43m▀[0m[38;2;60;106;104m▀[0m [38;2;15;31;33m  [0m
 [38;2;0;0;0m    [0m    [38;2;7;15;16m [0m    [38;2;7;15;16m      [0m
[?25h